AXLIVBVCVIIDXXXIIIELVIFIIIGXHXIIIIXXVIIJVIKVILXXMIXNXXXVOXXXIIPIVRXVIIISXXIITXXXVIIUIVVXIIIWVZIX

.XLIV.V.VII.XXXIII.LVI.III.X.XIII.XXVII.VI.VI.XX.IX.XXXV.XXXII.IV.XVIII.XXII.XXXVII.IV.XIII.V.IX

A 44 
B 5 
C 7 
D 33 
E 56 
F 3 
G 10 
H 13 
I 27 
J 6 
K 6 
L 20 
M 9 
N 35 
O 32 
P 4 
R 18 
S 22 
T 37 
U 4 
V 13 
W 5 
Z 9

110 010 011 001010 011010 01 010010 0110 10010 0101010 010001010 0100 010 010 0100 11000110100 0110 01 0101 01010 011010 10001100 10 0010000 010 10010 10 010 0100 010011001 0010 11001010 10 10 10010 010 01 0110001 010 01 0110001 0010 010 010011000110 01100 01 0010010 10 10 010 01101010010 01 0001010 10010 010 0100 100 1100110 01 10010 100100100 10 010 010 10010 010 100 010 010011001 0101000 010 010010 01100001000 01 0110 010 01 000010010 010 010 010110 10 01 0011010 0110 01 0100 010 01 011000010 10 01010


44 + 56 + 27 + 32 + 4